Duck 0.0 597.106176 109.072384 648.0337920000001
Duck 49.15712 27.165696 96.339968 49.634304
Duck 70.127616 135.761664 118.060032 161.974272
Duck 73.872384 414.365952 136.782848 491.50617600000004
Duck 145.020928 239.864064 220.663808 282.55334400000004
Duck 157.753344 47.387136 201.939968 72.102144
Duck 171.234304 355.20000000000005 235.64288 409.123584
Duck 190.706688 169.463808 232.646656 199.42118399999998
Duck 195.948544 0.20428800000000003 225.15712 22.672128
Duck 210.927616 490.757376 273.83808 582.876672
Duck 226.655232 88.57881599999999 266.348544 120.03379199999999
Duck 312.782848 269.82144 362.96192 325.991424
Duck 328.510464 9.191424 355.472384 27.165696
Duck 328.510464 418.11072 362.96192 490.757376
Duck 347.982848 175.454976 377.191424 204.66355199999998
Duck 353.225728 77.34451200000001 390.672384 115.540224
Duck 375.693312 45.140736000000004 416.136192 66.859776
Duck 407.148544 587.37024 491.029504 639.7954560000001
Duck 409.396224 117.78739200000001 463.31904 154.485504
Duck 424.374272 381.412608 488.034304 446.570496
Duck 428.11904 281.054976 457.327616 320.00025600000004
Duck 463.31904 69.106176 511.251456 103.55712
Duck 466.919424 232.528128 533.639168 275.805696
Duck 474.553344 0.9530879999999999 498.51904 30.910463999999997
Duck 484.289536 130.519296 695.489536 239.11526400000002
Duck 512.748544 6.945024 541.208576 41.395967999999996
Duck 521.736192 296.782848 585.396224 364.187136
Duck 543.455232 462.2976 604.868608 503.48928
Duck 550.944768 386.65497600000003 655.796224 438.33215999999993
Duck 561.429504 53.379071999999994 634.825728 82.58688000000001
Duck 567.420928 84.834048 611.608576 119.28499200000002
Duck 596.629504 116.289024 638.570496 145.4976
Duck 606.365696 651.77856 673.770496 739.404288
Duck 629.582848 0.0 653.548544 4.697856
Duck 661.787648 30.161664000000002 708.220928 57.123072
Duck 696.23808 463.04716799999994 753.15712 534.195456
Duck 708.970496 58.62143999999999 739.67616 93.82118399999999
Duck 725.446656 344.71526400000005 779.370496 399.387648
Duck 745.668608 201.66835200000003 799.591424 231.62572799999998
Duck 750.910464 13.684992000000001 796.596224 42.893568
Duck 761.396224 288.544512 839.284736 330.48499200000003
Duck 828.051456 139.50643200000002 873.736192 176.95334400000002
Duck 849.770496 445.07212799999996 953.872384 681.735936
Duck 852.765696 59.370239999999995 879.727616 87.081216
Duck 855.012352 170.961408 891.710464 209.15712000000002
Duck 863.251456 250.3488 892.460032 281.804544
Duck 878.229504 364.187136 941.889536 414.365952
Duck 928.408576 36.152832 949.379072 54.127871999999996
Duck 957.617152 258.587136 985.327616 293.78688
Duck 977.089536 182.944512 1015.284736 215.897856
Duck 982.332416 149.99116800000002 1023.36 179.949312
