Duck 0.0 414.652359 29.914112 483.744014
Duck 0.0 83.120235 369.675264 463.391192
Duck 288.881664 402.333924 407.663616 520.1644120000001
Duck 300.652544 172.028607 709.435392 398.04927699999996
Duck 333.826048 45.093319 376.630272 87.94098699999999
Duck 377.700352 428.042405 538.217472 538.374611
Duck 381.981696 30.096754999999998 1023.36 294.679847
Duck 499.355648 373.297399 645.622784 481.838595
Duck 654.324736 192.381429 736.188416 261.47308400000003
Duck 655.930368 489.635778 799.325184 598.35907
Duck 683.753472 364.842514 798.790656 467.140333
Duck 735.653888 278.611672 866.207744 368.056149
Duck 802.535424 458.57103900000004 947.001344 590.327079
Duck 903.126016 407.154077 1023.36 550.693046
Duck 911.68768 332.171257 1023.36 456.429015
Duck 919.17824 293.07273 1023.36 384.12372500000004
