0 0.052734375 0.8100340833333334 0.106516 0.06631200000000008
0 0.07046593749999999 0.049694916666666665 0.046077 0.029256
0 0.0909449375 0.19370008333333333 0.046809 0.03413100000000002
0 0.1024144375 0.5890181666666666 0.061436000000000004 0.10044300000000006
0 0.1777548125 0.33966674999999996 0.07386999999999999 0.05558500000000003
0 0.175540375 0.07732699999999999 0.043150999999999995 0.032180999999999994
0 0.198471 0.4963541666666667 0.06289899999999998 0.07021299999999993
0 0.20576825 0.23888516666666668 0.04095699999999999 0.03900699999999998
0 0.205027875 0.014588916666666667 0.028523999999999994 0.029255000000000003
0 0.2362574375 0.6989028333333334 0.06143599999999999 0.11994699999999996
0 0.2398976875 0.13486825 0.03876299999999999 0.040957
0 0.3298660625 0.38778833333333335 0.04900300000000002 0.073138
0 0.3335063125 0.022384666666666664 0.026329999999999965 0.023403999999999998
0 0.3374125625 0.59129 0.03364400000000001 0.09459200000000001
0 0.353498875 0.24668616666666665 0.028523999999999994 0.03803199999999999
0 0.362525125 0.12544858333333334 0.03656900000000002 0.04973399999999998
0 0.38641925 0.07179783333333334 0.039495 0.02827999999999999
0 0.4376450625 0.7986591666666666 0.08191499999999996 0.06826200000000011
0 0.425191625 0.1768065 0.052658999999999956 0.04778399999999997
0 0.4447014375 0.5382976666666667 0.062168 0.08484100000000001
0 0.431756875 0.39069658333333335 0.028523999999999994 0.05071000000000003
0 0.4749209375 0.11211741666666668 0.046809000000000045 0.04485799999999999
0 0.4882025625 0.33011475 0.06515600000000005 0.056351000000000005
0 0.4741731875 0.019470166666666667 0.023404000000000036 0.03900699999999999
0 0.5754780625 0.2402595 0.20625000000000004 0.14140100000000003
0 0.514402875 0.031178416666666667 0.027792999999999957 0.04485799999999999
0 0.5397814375 0.42940475 0.062168 0.08776600000000001
0 0.560014875 0.6279916666666666 0.05997399999999997 0.05363500000000002
0 0.58881325 0.5360090833333334 0.1023940000000001 0.06728799999999986
0 0.58342725 0.08773316666666665 0.07167600000000007 0.038031000000000016
0 0.575606375 0.13259641666666666 0.04315199999999997 0.04485800000000003
0 0.60217725 0.16964716666666665 0.04095800000000005 0.03803200000000001
0 0.6243805625 0.9046595833333333 0.06582500000000002 0.11409599999999998
0 0.6255691875 0.0026041666666666665 0.02340399999999998 0.006117
0 0.6687379375 0.05620008333333334 0.04534499999999997 0.035106
0 0.70726375 0.6484989166666666 0.055584999999999996 0.09264100000000013
0 0.7070024375 0.09846541666666665 0.029985999999999957 0.04583299999999999
0 0.733834625 0.4840042500000001 0.05266000000000004 0.07118799999999996
0 0.753582625 0.2808181666666667 0.05265900000000001 0.03900699999999994
0 0.754795375 0.036048166666666666 0.04461499999999996 0.038032
0 0.780660375 0.40175066666666664 0.07606299999999999 0.05461000000000005
0 0.830128375 0.20508650000000003 0.04461399999999993 0.048759
0 0.88063525 0.7331668333333333 0.10166200000000003 0.3081560000000001
0 0.8454743125 0.09423208333333333 0.026329999999999965 0.036082
0 0.852551125 0.24734558333333334 0.035838000000000036 0.04973400000000002
0 0.856690875 0.34550624999999996 0.028523999999999994 0.040958000000000015
0 0.8879194375 0.5067540833333334 0.062168 0.06533699999999998
0 0.916414625 0.05749066666666666 0.020478999999999914 0.023405
0 0.9478683125 0.35883741666666663 0.027061 0.04583300000000001
0 0.9727436875 0.2590423333333333 0.0373 0.04290799999999998
0 0.97884025 0.2135301666666667 0.040066000000000046 0.039007999999999966
