0 0.013671875 0.7490022687813022 0.029213 0.115345
0 0.1796875 0.45596032554257093 0.361011 0.634843
0 0.3397281875 0.7685040467445743 0.11599799999999999 0.1967120000000001
0 0.49282475 0.4758407462437395 0.399202 0.37732999999999994
0 0.3465098125 0.11033943071786312 0.04180099999999998 0.07153199999999998
0 0.446973 0.8064146994991652 0.15675500000000003 0.18419399999999997
0 0.685529 0.27061227879799665 0.6263460000000001 0.44170800000000005
0 0.5589410625 0.7133512504173622 0.14283900000000005 0.18120400000000003
0 0.6780515 0.37793226878130215 0.07994499999999993 0.11534500000000006
0 0.7098929375 0.9075722504173624 0.140034 0.18150799999999992
0 0.7233920625 0.6942279031719533 0.11234100000000002 0.17078100000000002
0 0.7818885625 0.5385837595993322 0.127494 0.149323
0 0.8540385 0.8740751903171954 0.14107999999999998 0.21995999999999996
0 0.94055275 0.7982538848080133 0.11741599999999996 0.239631
0 0.9440309375 0.6580488430717863 0.10905500000000001 0.20744199999999993
0 0.94841625 0.5643952086811352 0.10174000000000005 0.15200500000000008
